[gd_scene load_steps=8 format=3 uid="uid://cuvyhic0lex25"]

[sub_resource type="BoxShape3D" id="BoxShape3D_qal5k"]

[sub_resource type="BoxMesh" id="BoxMesh_to6k2"]

[sub_resource type="StandardMaterial3D" id="StandardMaterial3D_qx144"]
albedo_color = Color(0.552941, 0, 1, 1)

[sub_resource type="StandardMaterial3D" id="StandardMaterial3D_g3mcr"]
albedo_color = Color(0.219608, 0.254902, 1, 1)

[sub_resource type="QuadMesh" id="QuadMesh_4tbd5"]

[sub_resource type="StandardMaterial3D" id="StandardMaterial3D_a5bwt"]
albedo_color = Color(0, 0, 0, 1)

[sub_resource type="QuadMesh" id="QuadMesh_nmdf4"]

[node name="wall" type="StaticBody3D"]

[node name="CollisionShape3D" type="CollisionShape3D" parent="."]
transform = Transform3D(1, 0, 0, 0, 1, 0, 0, 0, 1, 0, 0.00661349, 0)
shape = SubResource("BoxShape3D_qal5k")

[node name="MeshInstance3D" type="MeshInstance3D" parent="."]
mesh = SubResource("BoxMesh_to6k2")

[node name="MeshInstance3D4" type="MeshInstance3D" parent="."]
transform = Transform3D(-1, -0.000344119, -0.000800012, -0.000330614, 0.999858, -0.0168209, 0.000805687, -0.0168207, -0.999858, -0.00498289, -0.0065735, -0.510965)
material_override = SubResource("StandardMaterial3D_qx144")
material_overlay = SubResource("StandardMaterial3D_g3mcr")
mesh = SubResource("QuadMesh_4tbd5")

[node name="MeshInstance3D5" type="MeshInstance3D" parent="."]
transform = Transform3D(-0.0100857, -0.000782818, -0.999949, -0.00559038, 0.999984, -0.00072646, 0.999933, 0.00558277, -0.0100899, -0.510255, 0, 0)
material_override = SubResource("StandardMaterial3D_a5bwt")
mesh = SubResource("QuadMesh_nmdf4")

[node name="MeshInstance3D6" type="MeshInstance3D" parent="."]
transform = Transform3D(0.999995, 0.000275128, -0.00330083, -0.000330614, 0.999859, -0.0168209, 0.00329573, 0.0168219, 0.999853, -0.00498289, -0.0065735, 0.509462)
material_override = SubResource("StandardMaterial3D_qx144")
material_overlay = SubResource("StandardMaterial3D_g3mcr")
mesh = SubResource("QuadMesh_4tbd5")

[node name="MeshInstance3D7" type="MeshInstance3D" parent="."]
transform = Transform3D(0.00416753, -0.00484494, 0.999979, -0.00626032, 0.999968, 0.00487097, -0.999972, -0.00628049, 0.00413708, 0.510957, -0.00264518, 0.00262916)
material_override = SubResource("StandardMaterial3D_a5bwt")
mesh = SubResource("QuadMesh_nmdf4")
skeleton = NodePath("../MeshInstance3D5")
